 600.000000     0.748830366     0.799834808     0.846252165     0.886996584     0.921610416     0.950395835     0.974419386     0.995395869      1.01548976      1.03708411      1.06254920    
 1200.00000     0.687614235     0.730143127     0.771457556     0.811112554     0.848767874     0.884222522     0.917417557     0.948394051     0.977192659      1.00367935      1.02727951    
 1800.00000     0.650010228     0.687561488     0.724616483     0.760862050     0.795940643     0.829441610     0.860875474     0.889625865     0.914876299     0.935515656     0.950040576    
 2400.00000     0.619905185     0.653596385     0.686678641     0.718834458     0.749649328     0.778595477     0.805009451     0.828064526     0.846742921     0.859819142     0.865873642    
 3000.00000     0.591485187     0.621767048     0.651070161     0.679057830     0.705286944     0.729196663     0.750097976     0.767167275     0.779449624     0.785879961     0.785331526    
 3600.00000     0.562692079     0.589863582     0.615643261     0.639690455     0.661566560     0.680730766     0.696540079     0.708256495     0.715065233     0.716108160     0.710535352    
 4200.00000     0.532821792     0.557183731     0.579765578     0.600240819     0.618199440     0.633149558     0.644524506     0.651697369     0.654005092     0.650783833     0.641415864    
 4800.00000     0.501561379     0.523456012     0.543221047     0.560559051     0.575104785     0.586431049     0.594060157     0.597482169     0.596180838     0.589667670     0.577523466    
 5400.00000     0.468649586     0.488466365     0.505841097     0.520516723     0.532183935     0.540489706     0.545051247     0.545475789     0.541386320     0.532452853     0.518427830    
 6000.00000     0.429512563     0.452585647     0.467937358     0.480344631     0.489576997     0.495375298     0.497462118     0.495560105     0.489417302     0.478836680     0.463705943    
 6600.00000     0.371762923     0.406472602     0.429263360     0.444376100     0.451674522     0.454657497     0.454752891     0.451834817     0.444086190     0.426756062     0.398149899    
 7200.00000     0.311384245     0.358705545     0.386620124     0.404477281     0.415194557     0.419902487     0.418874963     0.411743373     0.397367420     0.373152729     0.332022574    
 7800.00000     0.152940987     0.279231492     0.338521550     0.364858190     0.377944087     0.382931135     0.380992707     0.371685866     0.352512410     0.313594591     0.225846845    
 8400.00000     0.963915544E-01 0.181912101     0.252879871     0.302486517     0.328336134     0.337085311     0.332461759     0.311403182     0.265367116     0.191845137     0.996407459E-01
 9000.00000     0.874184159E-01 0.149773012     0.204482058     0.246960230     0.274089368     0.284105778     0.276237986     0.250566746     0.208358156     0.152596165     0.881891447E-01
 9600.00000     0.826004650E-01 0.130291820     0.172569226     0.205802408     0.227147554     0.234753767     0.227895171     0.207044001     0.173882714     0.131228941     0.828389443E-01
 10200.0000     0.792318005E-01 0.115862822     0.148359855     0.173894379     0.190236561     0.195944271     0.190489800     0.174314242     0.148802594     0.116176552     0.793084188E-01
 10800.0000     0.767378809E-01 0.104815324     0.129725963     0.149286091     0.161778386     0.166100721     0.161863555     0.149427167     0.129874441     0.104920088     0.767627590E-01
 11400.0000     0.748727580E-01 0.963601416E-01 0.115426596     0.130393915     0.139944176     0.143234789     0.139972695     0.130441124     0.115476218     0.963950530E-01 0.748808864E-01
 12000.0000     0.734710752E-01 0.899000554E-01 0.104480434     0.115925689     0.123226000     0.125736806     0.123235521     0.115941443     0.104496979     0.899116715E-01 0.734737417E-01
 12600.0000     0.724137616E-01 0.849683232E-01 0.961119470E-01 0.104859791     0.110438910     0.112356252     0.110442082     0.104865038     0.961174537E-01 0.849721839E-01 0.724146388E-01
 13200.0000     0.716138976E-01 0.812044765E-01 0.897183111E-01 0.964021628E-01 0.100664832     0.102129281     0.100665887     0.964039079E-01 0.897201417E-01 0.812057586E-01 0.716141867E-01
 13800.0000     0.710074553E-01 0.783321659E-01 0.848351815E-01 0.899407315E-01 0.931968674E-01 0.943153733E-01 0.931972181E-01 0.899413113E-01 0.848357896E-01 0.783325914E-01 0.710075507E-01
 14400.0000     0.705468950E-01 0.761402014E-01 0.811064323E-01 0.850056439E-01 0.874924739E-01 0.883466759E-01 0.874925903E-01 0.850058364E-01 0.811066341E-01 0.761403426E-01 0.705469265E-01
 15000.0000     0.701966875E-01 0.744673820E-01 0.782595080E-01 0.812369988E-01 0.831360169E-01 0.837883012E-01 0.831360555E-01 0.812370627E-01 0.782595750E-01 0.744674288E-01 0.701966979E-01
 15600.0000     0.699301428E-01 0.731907099E-01 0.760860337E-01 0.783594484E-01 0.798094398E-01 0.803074892E-01 0.798094526E-01 0.783594696E-01 0.760860559E-01 0.731907255E-01 0.699301462E-01
 16200.0000     0.697271324E-01 0.722163429E-01 0.744267924E-01 0.761624850E-01 0.772695321E-01 0.776497864E-01 0.772695363E-01 0.761624920E-01 0.744267998E-01 0.722163480E-01 0.697271335E-01
 16800.0000     0.695724307E-01 0.714726797E-01 0.731601684E-01 0.744852457E-01 0.753304071E-01 0.756207087E-01 0.753304085E-01 0.744852480E-01 0.731601708E-01 0.714726814E-01 0.695724311E-01
 17400.0000     0.694544956E-01 0.709050854E-01 0.721932864E-01 0.732048429E-01 0.738500404E-01 0.740716578E-01 0.738500408E-01 0.732048437E-01 0.721932872E-01 0.709050860E-01 0.694544957E-01
 18000.0000     0.693645621E-01 0.704718679E-01 0.714552292E-01 0.722274196E-01 0.727199465E-01 0.728891240E-01 0.727199467E-01 0.722274199E-01 0.714552295E-01 0.704718681E-01 0.693645621E-01
 18600.0000     0.692959663E-01 0.701412101E-01 0.708918516E-01 0.714813023E-01 0.718572742E-01 0.719864166E-01 0.718572742E-01 0.714813024E-01 0.708918517E-01 0.701412102E-01 0.692959663E-01
 19200.0000     0.692436365E-01 0.698888301E-01 0.704618166E-01 0.709117643E-01 0.711987576E-01 0.712973370E-01 0.711987576E-01 0.709117644E-01 0.704618167E-01 0.698888302E-01 0.692436365E-01
 19800.0000     0.692037105E-01 0.696961957E-01 0.701335671E-01 0.704770224E-01 0.706960915E-01 0.707713397E-01 0.706960915E-01 0.704770224E-01 0.701335672E-01 0.696961957E-01 0.692037106E-01
 20400.0000     0.691732452E-01 0.695491627E-01 0.698830132E-01 0.701451774E-01 0.703123963E-01 0.703698345E-01 0.703123963E-01 0.701451774E-01 0.698830132E-01 0.695491627E-01 0.691732452E-01
 21000.0000     0.691499971E-01 0.694369358E-01 0.696917655E-01 0.698918774E-01 0.700195170E-01 0.700633602E-01 0.700195170E-01 0.698918774E-01 0.696917655E-01 0.694369358E-01 0.691499971E-01
 21600.0000     0.691322554E-01 0.693512752E-01 0.695457869E-01 0.696985328E-01 0.697959605E-01 0.698294262E-01 0.697959605E-01 0.696985328E-01 0.695457869E-01 0.693512752E-01 0.691322554E-01
 22200.0000     0.691187152E-01 0.692858921E-01 0.694343624E-01 0.695509530E-01 0.696253196E-01 0.696508639E-01 0.696253196E-01 0.695509530E-01 0.694343624E-01 0.692858921E-01 0.691187152E-01
 22800.0000     0.691083813E-01 0.692359863E-01 0.693493129E-01 0.694383060E-01 0.694950697E-01 0.695145676E-01 0.694950697E-01 0.694383060E-01 0.693493129E-01 0.692359863E-01 0.691083813E-01
 23400.0000     0.691004943E-01 0.691978941E-01 0.692843954E-01 0.693523233E-01 0.693956507E-01 0.694105333E-01 0.693956507E-01 0.693523233E-01 0.692843954E-01 0.691978941E-01 0.691004943E-01
 24000.0000     0.690944746E-01 0.691688189E-01 0.692348446E-01 0.692866934E-01 0.693197648E-01 0.693311246E-01 0.693197648E-01 0.692866934E-01 0.692348446E-01 0.691688189E-01 0.690944746E-01
 24600.0000     0.690898800E-01 0.691466263E-01 0.691970230E-01 0.692365987E-01 0.692618418E-01 0.692705126E-01 0.692618418E-01 0.692365987E-01 0.691970230E-01 0.691466263E-01 0.690898800E-01
 25200.0000     0.690863732E-01 0.691296869E-01 0.691681542E-01 0.691983619E-01 0.692176297E-01 0.692242481E-01 0.692176297E-01 0.691983619E-01 0.691681542E-01 0.691296869E-01 0.690863732E-01
 25800.0000     0.690836966E-01 0.691167574E-01 0.691461190E-01 0.691691762E-01 0.691838831E-01 0.691889348E-01 0.691838831E-01 0.691691762E-01 0.691461190E-01 0.691167574E-01 0.690836966E-01
 26400.0000     0.690816536E-01 0.691068885E-01 0.691292999E-01 0.691468991E-01 0.691581247E-01 0.691619807E-01 0.691581247E-01 0.691468991E-01 0.691292999E-01 0.691068885E-01 0.690816536E-01
 27000.0000     0.690800942E-01 0.690993557E-01 0.691164620E-01 0.691298953E-01 0.691384637E-01 0.691414069E-01 0.691384637E-01 0.691298953E-01 0.691164620E-01 0.690993557E-01 0.690800942E-01
 27600.0000     0.690789040E-01 0.690936060E-01 0.691066631E-01 0.691169165E-01 0.691234567E-01 0.691257031E-01 0.691234567E-01 0.691169165E-01 0.691066631E-01 0.690936060E-01 0.690789040E-01
 28200.0000     0.690779955E-01 0.690892174E-01 0.690991836E-01 0.691070100E-01 0.691120020E-01 0.691137167E-01 0.691120020E-01 0.691070100E-01 0.690991836E-01 0.690892174E-01 0.690779955E-01
 28800.0000     0.690773021E-01 0.690858676E-01 0.690934747E-01 0.690994484E-01 0.691032588E-01 0.691045676E-01 0.691032588E-01 0.690994484E-01 0.690934747E-01 0.690858676E-01 0.690773021E-01
 29400.0000     0.690767728E-01 0.690833107E-01 0.690891171E-01 0.690936768E-01 0.690965852E-01 0.690975842E-01 0.690965852E-01 0.690936768E-01 0.690891171E-01 0.690833107E-01 0.690767728E-01
 30000.0000     0.690763688E-01 0.690813591E-01 0.690857911E-01 0.690892714E-01 0.690914913E-01 0.690922539E-01 0.690914913E-01 0.690892714E-01 0.690857911E-01 0.690813591E-01 0.690763688E-01
 30600.0000     0.690760604E-01 0.690798695E-01 0.690832523E-01 0.690859088E-01 0.690876033E-01 0.690881853E-01 0.690876033E-01 0.690859088E-01 0.690832523E-01 0.690798695E-01 0.690760604E-01
 31200.0000     0.690758251E-01 0.690787325E-01 0.690813146E-01 0.690833422E-01 0.690846356E-01 0.690850798E-01 0.690846356E-01 0.690833422E-01 0.690813146E-01 0.690787325E-01 0.690758251E-01
 31800.0000     0.690756454E-01 0.690778646E-01 0.690798355E-01 0.690813832E-01 0.690823703E-01 0.690827094E-01 0.690823703E-01 0.690813832E-01 0.690798355E-01 0.690778646E-01 0.690756454E-01
 32400.0000     0.690755083E-01 0.690772022E-01 0.690787065E-01 0.690798878E-01 0.690806413E-01 0.690809002E-01 0.690806413E-01 0.690798878E-01 0.690787065E-01 0.690772022E-01 0.690755083E-01
 33000.0000     0.690754036E-01 0.690766965E-01 0.690778448E-01 0.690787465E-01 0.690793216E-01 0.690795192E-01 0.690793216E-01 0.690787465E-01 0.690778448E-01 0.690766965E-01 0.690754036E-01
 33600.0000     0.690753237E-01 0.690763106E-01 0.690771870E-01 0.690778753E-01 0.690783143E-01 0.690784651E-01 0.690783143E-01 0.690778753E-01 0.690771870E-01 0.690763106E-01 0.690753237E-01
 34200.0000     0.690752628E-01 0.690760160E-01 0.690766850E-01 0.690772103E-01 0.690775454E-01 0.690776605E-01 0.690775454E-01 0.690772103E-01 0.690766850E-01 0.690760160E-01 0.690752628E-01
 34800.0000     0.690752162E-01 0.690757912E-01 0.690763018E-01 0.690767028E-01 0.690769585E-01 0.690770464E-01 0.690769585E-01 0.690767028E-01 0.690763018E-01 0.690757912E-01 0.690752162E-01
 35400.0000     0.690751807E-01 0.690756195E-01 0.690760093E-01 0.690763154E-01 0.690765106E-01 0.690765776E-01 0.690765106E-01 0.690763154E-01 0.690760093E-01 0.690756195E-01 0.690751807E-01
 36000.0000     0.690751536E-01 0.690754886E-01 0.690757860E-01 0.690760197E-01 0.690761687E-01 0.690762198E-01 0.690761687E-01 0.690760197E-01 0.690757860E-01 0.690754886E-01 0.690751536E-01
