      0.00   1.000000   1.000000   1.000000   1.000000   1.000000   1.000000   1.000000   1.000000   1.000000   1.000000   1.000000
      600.   0.938995   0.954878   0.967203   0.975949   0.981160   0.982890   0.981160   0.975949   0.967203   0.954878   0.938995
     1200.   0.907126   0.922773   0.935088   0.943964   0.949321   0.951112   0.949321   0.943964   0.935088   0.922773   0.907126
     1800.   0.875734   0.891067   0.903134   0.911831   0.917081   0.918836   0.917081   0.911831   0.903134   0.891067   0.875734
     2400.   0.844331   0.859360   0.871183   0.879701   0.884841   0.886560   0.884841   0.879701   0.871183   0.859360   0.844331
     3000.   0.812906   0.827643   0.839231   0.847577   0.852612   0.854295   0.852612   0.847577   0.839231   0.827643   0.812906
     3600.   0.781460   0.795916   0.807278   0.815458   0.820393   0.822042   0.820393   0.815458   0.807278   0.795916   0.781460
     4200.   0.749993   0.764179   0.775324   0.783345   0.788183   0.789800   0.788183   0.783345   0.775324   0.764179   0.749993
     4800.   0.718508   0.732433   0.743369   0.751238   0.755983   0.757569   0.755983   0.751238   0.743369   0.732433   0.718508
     5400.   0.687005   0.700679   0.711413   0.719135   0.723791   0.725346   0.723791   0.719135   0.711413   0.700679   0.687005
     6000.   0.655485   0.668916   0.679457   0.687037   0.691607   0.693133   0.691607   0.687037   0.679457   0.668916   0.655485
     6600.   0.623950   0.637146   0.647499   0.654944   0.659430   0.660929   0.659430   0.654944   0.647499   0.637146   0.623950
     7200.   0.592399   0.605369   0.615542   0.622854   0.627261   0.628733   0.627261   0.622854   0.615542   0.605369   0.592399
     7800.   0.560833   0.573585   0.583583   0.590769   0.595098   0.596545   0.595098   0.590769   0.583583   0.573585   0.560833
     8400.   0.529254   0.541794   0.551624   0.558687   0.562942   0.564364   0.562942   0.558687   0.551624   0.541794   0.529254
     9000.   0.497662   0.509997   0.519664   0.526609   0.530792   0.532190   0.530792   0.526609   0.519664   0.509997   0.497662
     9600.   0.466058   0.478195   0.487704   0.494535   0.498648   0.500022   0.498648   0.494535   0.487704   0.478195   0.466058
    10200.   0.427614   0.446947   0.457306   0.463238   0.466889   0.468135   0.466889   0.463238   0.457306   0.446947   0.427614
    10800.   0.384905   0.408621   0.424559   0.434856   0.440643   0.442510   0.440643   0.434856   0.424559   0.408621   0.384905
    11400.   0.344206   0.373620   0.392730   0.405016   0.411951   0.414199   0.411951   0.405016   0.392730   0.373620   0.344206
    12000.   0.300369   0.338899   0.361566   0.375617   0.383420   0.385931   0.383420   0.375617   0.361566   0.338899   0.300369
    12600.   0.094934   0.233563   0.310837   0.342415   0.354819   0.358313   0.354819   0.342415   0.310837   0.233563   0.094934
    13200.   0.069338   0.151128   0.220793   0.271831   0.301317   0.310313   0.301317   0.271831   0.220793   0.151128   0.069338
    13800.   0.063483   0.123346   0.176274   0.217548   0.243694   0.252637   0.243694   0.217548   0.176274   0.123346   0.063483
    14400.   0.059975   0.105341   0.145662   0.177327   0.197518   0.204453   0.197518   0.177327   0.145662   0.105341   0.059975
    15000.   0.057457   0.091954   0.122641   0.146764   0.162160   0.167450   0.162160   0.146764   0.122641   0.091954   0.057457
    15600.   0.055593   0.081822   0.105163   0.123516   0.135232   0.139258   0.135232   0.123516   0.105163   0.081822   0.055593
    16200.   0.054200   0.074137   0.091883   0.105838   0.114748   0.117810   0.114748   0.105838   0.091883   0.074137   0.054200
    16800.   0.053154   0.068305   0.081792   0.092400   0.099173   0.101501   0.099173   0.092400   0.081792   0.068305   0.053154
    17400.   0.052366   0.063878   0.074127   0.082188   0.087335   0.089104   0.087335   0.082188   0.074127   0.063878   0.052366
    18000.   0.051771   0.060517   0.068303   0.074429   0.078340   0.079684   0.078340   0.074429   0.068303   0.060517   0.051771
    18600.   0.051321   0.057965   0.063880   0.068533   0.071505   0.072526   0.071505   0.068533   0.063880   0.057965   0.051321
    19200.   0.050980   0.056027   0.060520   0.064055   0.066312   0.067088   0.066312   0.064055   0.060520   0.056027   0.050980
    19800.   0.050722   0.054555   0.057968   0.060654   0.062368   0.062957   0.062368   0.060654   0.057968   0.054555   0.050722
    20400.   0.050527   0.053438   0.056030   0.058070   0.059372   0.059820   0.059372   0.058070   0.056030   0.053438   0.050527
    21000.   0.050378   0.052589   0.054558   0.056107   0.057096   0.057436   0.057096   0.056107   0.054558   0.052589   0.050378
    21600.   0.050266   0.051945   0.053440   0.054617   0.055368   0.055626   0.055368   0.054617   0.053440   0.051945   0.050266
    22200.   0.050180   0.051455   0.052591   0.053485   0.054055   0.054252   0.054055   0.053485   0.052591   0.051455   0.050180
    22800.   0.050115   0.051084   0.051946   0.052625   0.053058   0.053207   0.053058   0.052625   0.051946   0.051084   0.050115
    23400.   0.050066   0.050802   0.051457   0.051972   0.052301   0.052414   0.052301   0.051972   0.051457   0.050802   0.050066
    24000.   0.050029   0.050587   0.051085   0.051476   0.051726   0.051812   0.051726   0.051476   0.051085   0.050587   0.050029
    24600.   0.050000   0.050425   0.050802   0.051100   0.051289   0.051355   0.051289   0.051100   0.050802   0.050425   0.050000
    25200.   0.049979   0.050301   0.050588   0.050814   0.050958   0.051007   0.050958   0.050814   0.050588   0.050301   0.049979
    25800.   0.049962   0.050207   0.050425   0.050596   0.050706   0.050744   0.050706   0.050596   0.050425   0.050207   0.049962
    26400.   0.049950   0.050136   0.050301   0.050431   0.050515   0.050543   0.050515   0.050431   0.050301   0.050136   0.049950
    27000.   0.049940   0.050082   0.050207   0.050306   0.050369   0.050391   0.050369   0.050306   0.050207   0.050082   0.049940
    27600.   0.049933   0.050040   0.050136   0.050211   0.050259   0.050275   0.050259   0.050211   0.050136   0.050040   0.049933
    28200.   0.049928   0.050009   0.050082   0.050139   0.050175   0.050188   0.050175   0.050139   0.050082   0.050009   0.049928
    28800.   0.049924   0.049986   0.050041   0.050084   0.050112   0.050121   0.050112   0.050084   0.050041   0.049986   0.049924
    29400.   0.049921   0.049968   0.050009   0.050042   0.050063   0.050070   0.050063   0.050042   0.050009   0.049968   0.049921
    30000.   0.049918   0.049954   0.049986   0.050011   0.050027   0.050032   0.050027   0.050011   0.049986   0.049954   0.049918
    30600.   0.049916   0.049943   0.049968   0.049987   0.049999   0.050003   0.049999   0.049987   0.049968   0.049943   0.049916
    31200.   0.049915   0.049936   0.049954   0.049968   0.049977   0.049981   0.049977   0.049968   0.049954   0.049936   0.049915
    31800.   0.049914   0.049930   0.049943   0.049954   0.049961   0.049964   0.049961   0.049954   0.049943   0.049930   0.049914
    32400.   0.049913   0.049925   0.049936   0.049944   0.049949   0.049951   0.049949   0.049944   0.049936   0.049925   0.049913
    33000.   0.049913   0.049922   0.049930   0.049936   0.049940   0.049941   0.049940   0.049936   0.049930   0.049922   0.049913
    33600.   0.049912   0.049919   0.049925   0.049930   0.049933   0.049934   0.049933   0.049930   0.049925   0.049919   0.049912
    34200.   0.049912   0.049917   0.049922   0.049925   0.049928   0.049928   0.049928   0.049925   0.049922   0.049917   0.049912
    34800.   0.049911   0.049915   0.049919   0.049922   0.049923   0.049924   0.049923   0.049922   0.049919   0.049915   0.049911
    35400.   0.049911   0.049914   0.049917   0.049919   0.049920   0.049921   0.049920   0.049919   0.049917   0.049914   0.049911
    36000.   0.049911   0.049913   0.049915   0.049917   0.049918   0.049918   0.049918   0.049917   0.049915   0.049913   0.049911
